
thread 1, scope:1~3, ms used:0.000
     1 [  2  7  6  9  5  1  4  3  8 ] 0.000  408  14
     2 [  2  9  4  7  5  3  6  1  8 ] 0.000  476  16

thread 2, scope:4~6, ms used:0.001
     3 [  4  3  8  9  5  1  2  7  6 ] 0.000  112  4
     4 [  4  9  2  3  5  7  8  1  6 ] 0.000  249  7
     5 [  6  1  8  7  5  3  2  9  4 ] 0.000  687  18
     6 [  6  7  2  1  5  9  8  3  4 ] 0.001  829  21

thread 3, scope:7~9, ms used:0.001
     7 [  8  1  6  3  5  7  4  9  2 ] 0.001  219  9
     8 [  8  3  4  1  5  9  6  7  2 ] 0.001  292  11
